Coefficients: 0.034176401609357136, -0.011365479493415598, -0.19182666344393612, -0.0921626706151854
Intercept: 54.86850225797335
